 58  58  58  58  58  58  58  58  58  58  58  58  58  58  58  58
 58  96 104 125  79  96 102  75  58  58  58  58  58  58  58  58
 58 104 155 159 150 153 155 148  77 145 147 147 148 106  58  58
 58 125 159 186 128 150 157 122  97 182 102 102 136 154  58  58
 58  79 150 128 180 159 153 183  98 165 141 250 106 153  58  58
 58  96 153 150 159 155 154 158  98 165  98 151 103 153  58  58
 58 102 155 157 153 154 155 152  96 200 159 159 178 151  58  58
 58  75 150 124 183 160 153 187  68  95  97  97  97  78  58  58
 58 143 163 208 107 146 159  99 186  86 121 123  93 151  76  58
 58 145 163 210 106 146 159  97  86 147 107 142 121 114 107  58
 58 145 163 210 106 146 159  97 121 107 151  79 158 102  60  58
 58 145 163 210 106 146 159  97 123 142  79 186  71 152 128  58
 58 145 163 210 106 146 159  97  93 121 158  71 178  85  59  58
 58 145 163 210 106 146 159  97 151 114 102 152  85 150 101  58
 58  97 106 128  80  98 104  76  76 107  60 128  59 101 100  58
 58  58  58  58  58  58  58  58  58  58  58  58  58  58  58  58
 54  54  54  54  54  54  54  54  54  54  54  54  54  54  54  54
 54  92 101 122  75  93  99  71  54  54  54  54  54  54  54  54
 54 101 153 158 148 151 152 146  73 142 144 144 145 102  54  54
 54 122 158 184 125 147 155 119  94 180  98  98 133 153  54  54
 54  75 148 125 178 157 151 181  95 162 138 249 103 152  54  54
 54  93 151 147 157 152 152 156  95 162  94 149 100 152  54  54
 54  99 152 155 151 152 152 149  92 198 157 157 176 149  54  54
 54  72 147 121 181 157 150 185  64  92  94  94  94  74  54  54
 54 140 161 207 103 144 156  96 184  82 118 120  89 149  72  54
 54 141 162 209 102 144 157  94  82 144 104 139 118 111 104  54
 54 141 162 209 102 144 157  94 118 104 149  76 155  98  56  54
 54 141 162 209 102 144 157  94 120 139  76 183  67 149 125  54
 54 141 162 209 102 144 157  94  89 118 155  67 176  81  56  54
 54 141 162 209 102 144 157  94 149 111  98 149  81 147  98  54
 54  94 103 125  76  95 101  72  72 104  56 125  56  98  96  54
 54  54  54  54  54  54  54  54  54  54  54  54  54  54  54  54
 53  53  53  53  53  53  53  53  53  53  53  53  53  53  53  53
 53  91 100 121  74  92  98  70  53  53  53  53  53  53  53  53
 53 100 151 156 147 150 151 144  72 140 142 142 143 101  53  53
 53 121 156 182 124 146 153 118  93 178  97  97 132 151  53  53
 53  74 147 124 177 156 149 179  94 160 137 247 102 150  53  53
 53  92 150 146 156 151 150 154  94 160  93 147  99 150  53  53
 53  98 151 153 149 150 151 147  91 197 155 155 174 147  53  53
 53  71 146 120 180 155 149 183  63  90  93  93  93  73  53  53
 53 139 159 205 102 142 155  95 182  81 117 118  88 148  71  53
 53 140 160 207 101 142 155  92  81 143 103 138 117 110 102  53
 53 140 160 207 101 142 155  93 117 103 147  74 153  97  55  53
 53 140 160 207 101 142 155  93 118 138  74 182  66 148 124  53
 53 140 160 207 101 142 155  93  88 117 153  66 175  80  55  53
 53 140 160 207 101 142 155  93 148 110  97 148  80 146  97  53
 53  93 102 124  75  94 100  71  71 102  55 124  55  97  95  53
 53  53  53  53  53  53  53  53  53  53  53  53  53  53  53  53

 58  58  58  58  58  58  58  58  58  58  58  58  58  58  58  58
 58  58  58  58  58  58  58  58  76 107  60 129  60 102 100  58
 58  58 106 155 154 154 152  79 152 115 102 152  85 150 102  58
 58  58 148 136 106 104 179  98  93 122 158  71 179  85  60  58
 58  58 147 102 251 152 160  98 123 142  80 186  71 152 129  58
 58  58 147 102 141  98 160  98 122 108 152  80 158 102  60  58
 58  58 145 183 165 165 201  95  86 147 108 142 122 115 107  58
 58  58  77  98  99  98  96  69 186  86 122 123  93 152  76  58
 58  75 149 123 183 158 152 187 100  97  98  98  98  98  76  58
 58 102 155 158 154 154 156 153 159 160 160 160 160 160 105  58
 58  97 154 151 160 155 154 160 147 147 147 147 147 147  99  58
 58  79 151 128 181 160 154 184 107 106 106 106 106 106  80  58
 58 126 160 186 128 151 158 125 209 211 211 211 211 211 129  58
 58 105 156 160 151 154 155 150 163 164 164 164 164 164 107  58
 58  96 105 126  79  97 102  76 143 145 145 145 145 145  98  58
 58  58  58  58  58  58  58  58  58  58  58  58  58  58  58  58
 54  54  54  54  54  54  54  54  54  54  54  54  54  54  54  54
 54  54  54  54  54  54  54  54  73 104  56 125  56  98  97  54
 54  54 103 153 152 152 150  75 149 112  99 150  82 147  98  54
 54  54 145 133 103 100 176  94  90 119 156  67 176  82  56  54
 54  54 144  99 250 149 157  94 120 139  76 184  67 150 125  54
 54  54 144  98 138  95 157  94 119 105 149  76 156  99  56  54
 54  54 143 180 162 162 199  92  83 145 105 139 119 112 104  54
 54  54  74  94  95  95  93  65 184  83 119 120  90 149  73  54
 54  71 146 120 181 156 149 185  96  94  94  94  94  94  72  54
 54  99 153 155 151 153 153 151 156 157 157 157 157 157 102  54
 54  94 151 148 157 153 152 158 144 144 144 144 144 144  96  54
 54  76 149 125 179 157 151 182 104 103 103 103 103 103  77  54
 54 122 158 184 125 148 155 122 207 209 209 209 209 209 126  54
 54 101 154 158 149 151 153 148 161 162 162 162 162 162 104  54
 54  93 101 122  76  94  99  72 141 142 142 142 142 142  95  54
 54  54  54  54  54  54  54  54  54  54  54  54  54  54  54  54
 53  53  53  53  53  53  53  53  53  53  53  53  53  53  53  53
 53  53  53  53  53  53  53  53  72 103  55 124  55  97  96  53
 53  53 101 151 150 150 148  74 148 111  98 148  81 146  97  53
 53  53 144 132 102  99 174  93  89 118 154  66 175  81  55  53
 53  53 143  98 248 148 155  93 119 138  75 182  66 148 124  53
 53  53 143  98 137  94 155  93 117 104 147  75 154  98  55  53
 53  53 141 179 160 161 197  91  82 144 104 138 118 111 103  53
 53  53  73  93  94  94  92  64 182  82 117 119  89 148  72  53
 53  70 145 119 180 155 148 184  95  93  93  93  93  93  72  53
 53  98 152 153 150 151 152 149 155 155 155 155 155 155 101  53
 53  92 150 147 156 152 151 156 143 143 143 143 143 143  95  53
 53  74 147 124 177 156 150 180 103 102 102 102 102 102  76  53
 53 121 156 183 124 147 153 120 206 207 207 207 207 207 124  53
 53 100 152 156 147 150 152 146 159 160 160 160 160 160 103  53
 53  92 100 121  74  92  98  71 140 141 141 141 141 141  94  53
 53  53  53  53  53  53  53  53  53  53  53  53  53  53  53  53

 58  58  58  58  58  58  58  58  58  58  58  58  58  58  58  58
 58 100 102  60 129  60 107  76  76 105  99  80 129 107  98  58
 58 102 150  85 152 102 115 152  98 160 147 106 211 164 145  58
 58  60  85 179  71 158 122  93  98 160 147 106 211 164 145  58
 58 129 152  71 186  80 142 123  98 160 147 106 211 164 145  58
 58  60 102 158  80 152 108 122  98 160 147 106 211 164 145  58
 58 107 115 122 142 108 147  86  97 160 147 106 211 164 145  58
 58  76 152  93 123 122  86 186 100 159 147 107 209 163 143  58
 58  58  79  98  98  98  95  69 187 153 160 184 125 150  76  58
 58  58 152 179 160 160 201  96 152 156 154 154 158 155 102  58
 58  58 154 104 152  98 165  98 158 154 155 160 151 154  97  58
 58  58 154 106 251 141 165  99 183 154 160 181 128 151  79  58
 58  58 155 136 102 102 183  98 123 158 151 128 186 160 126  58
 58  58 106 148 147 147 145  77 149 155 154 151 160 156 105  58
 58  58  58  58  58  58  58  58  75 102  97  79 126 105  96  58
 58  58  58  58  58  58  58  58  58  58  58  58  58  58  58  58
 54  54  54  54  54  54  54  54  54  54  54  54  54  54  54  54
 54  97  98  56 125  56 104  73  72 102  96  77 126 104  95  54
 54  98 147  82 150  99 112 149  94 157 144 103 209 162 142  54
 54  56  82 176  67 156 119  90  94 157 144 103 209 162 142  54
 54 125 150  67 184  76 139 120  94 157 144 103 209 162 142  54
 54  56  99 156  76 149 105 119  94 157 144 103 209 162 142  54
 54 104 112 119 139 105 145  83  94 157 144 103 209 162 142  54
 54  73 149  90 120 119  83 184  96 156 144 104 207 161 141  54
 54  54  75  94  94  94  92  65 185 151 158 182 122 148  72  54
 54  54 150 176 157 157 199  93 149 153 152 151 155 153  99  54
 54  54 152 100 149  95 162  95 156 153 153 157 148 151  94  54
 54  54 152 103 250 138 162  95 181 151 157 179 125 149  76  54
 54  54 153 133  99  98 180  94 120 155 148 125 184 158 122  54
 54  54 103 145 144 144 143  74 146 153 151 149 158 154 101  54
 54  54  54  54  54  54  54  54  71  99  94  76 122 101  93  54
 54  54  54  54  54  54  54  54  54  54  54  54  54  54  54  54
 53  53  53  53  53  53  53  53  53  53  53  53  53  53  53  53
 53  96  97  55 124  55 103  72  72 101  95  76 124 103  94  53
 53  97 146  81 148  98 111 148  93 155 143 102 207 160 141  53
 53  55  81 175  66 154 118  89  93 155 143 102 207 160 141  53
 53 124 148  66 182  75 138 119  93 155 143 102 207 160 141  53
 53  55  98 154  75 147 104 117  93 155 143 102 207 160 141  53
 53 103 111 118 138 104 144  82  93 155 143 102 207 160 141  53
 53  72 148  89 119 117  82 182  95 155 143 103 206 159 140  53
 53  53  74  93  93  93  91  64 184 149 156 180 120 146  71  53
 53  53 148 174 155 155 197  92 148 152 151 150 153 152  98  53
 53  53 150  99 148  94 161  94 155 151 152 156 147 150  92  53
 53  53 150 102 248 137 160  94 180 150 156 177 124 147  74  53
 53  53 151 132  98  98 179  93 119 153 147 124 183 156 121  53
 53  53 101 144 143 143 141  73 145 152 150 147 156 152 100  53
 53  53  53  53  53  53  53  53  70  98  92  74 121 100  92  53
 53  53  53  53  53  53  53  53  53  53  53  53  53  53  53  53

 58  58  58  58  58  58  58  58  58  58  58  58  58  58  58  58
 58  98 145 145 145 145 145 143  76 102  97  79 126 105  96  58
 58 107 164 164 164 164 164 163 150 155 154 151 160 156 105  58
 58 129 211 211 211 211 211 209 125 158 151 128 186 160 126  58
 58  80 106 106 106 106 106 107 184 154 160 181 128 151  79  58
 58  99 147 147 147 147 147 147 160 154 155 160 151 154  97  58
 58 105 160 160 160 160 160 159 153 156 154 154 158 155 102  58
 58  76  98  98  98  98  97 100 187 152 158 183 123 149  75  58
 58  76 152  93 123 122  86 186  69  96  98  99  98  77  58  58
 58 107 115 122 142 108 147  86  95 201 165 165 183 145  58  58
 58  60 102 158  80 152 108 122  98 160  98 141 102 147  58  58
 58 129 152  71 186  80 142 123  98 160 152 251 102 147  58  58
 58  60  85 179  71 158 122  93  98 179 104 106 136 148  58  58
 58 102 150  85 152 102 115 152  79 152 154 154 155 106  58  58
 58 100 102  60 129  60 107  76  58  58  58  58  58  58  58  58
 58  58  58  58  58  58  58  58  58  58  58  58  58  58  58  58
 54  54  54  54  54  54  54  54  54  54  54  54  54  54  54  54
 54  95 142 142 142 142 142 141  72  99  94  76 122 101  93  54
 54 104 162 162 162 162 162 161 148 153 151 149 158 154 101  54
 54 126 209 209 209 209 209 207 122 155 148 125 184 158 122  54
 54  77 103 103 103 103 103 104 182 151 157 179 125 149  76  54
 54  96 144 144 144 144 144 144 158 152 153 157 148 151  94  54
 54 102 157 157 157 157 157 156 151 153 153 151 155 153  99  54
 54  72  94  94  94  94  94  96 185 149 156 181 120 146  71  54
 54  73 149  90 120 119  83 184  65  93  95  95  94  74  54  54
 54 104 112 119 139 105 145  83  92 199 162 162 180 143  54  54
 54  56  99 156  76 149 105 119  94 157  95 138  98 144  54  54
 54 125 150  67 184  76 139 120  94 157 149 250  99 144  54  54
 54  56  82 176  67 156 119  90  94 176 100 103 133 145  54  54
 54  98 147  82 150  99 112 149  75 150 152 152 153 103  54  54
 54  97  98  56 125  56 104  73  54  54  54  54  54  54  54  54
 54  54  54  54  54  54  54  54  54  54  54  54  54  54  54  54
 53  53  53  53  53  53  53  53  53  53  53  53  53  53  53  53
 53  94 141 141 141 141 141 140  71  98  92  74 121 100  92  53
 53 103 160 160 160 160 160 159 146 152 150 147 156 152 100  53
 53 124 207 207 207 207 207 206 120 153 147 124 183 156 121  53
 53  76 102 102 102 102 102 103 180 150 156 177 124 147  74  53
 53  95 143 143 143 143 143 143 156 151 152 156 147 150  92  53
 53 101 155 155 155 155 155 155 149 152 151 150 153 152  98  53
 53  72  93  93  93  93  93  95 184 148 155 180 119 145  70  53
 53  72 148  89 119 117  82 182  64  92  94  94  93  73  53  53
 53 103 111 118 138 104 144  82  91 197 161 160 179 141  53  53
 53  55  98 154  75 147 104 117  93 155  94 137  98 143  53  53
 53 124 148  66 182  75 138 119  93 155 148 248  98 143  53  53
 53  55  81 175  66 154 118  89  93 174  99 102 132 144  53  53
 53  97 146  81 148  98 111 148  74 148 150 150 151 101  53  53
 53  96  97  55 124  55 103  72  53  53  53  53  53  53  53  53
 53  53  53  53  53  53  53  53  53  53  53  53  53  53  53  53
