 58  58  58  58  58  58  58  58  58  58  58  58  58  58  58  58
 58  56  92  73 117  99  94 120 137 137 137 137 137 137  94  58
 58  92 143 140 148 144 143 150 218 154 153 153 152 191 142  58
 58  73 140 116 170 148 141 176 200 118 196 196 163 144 142  58
 58 117 148 170 120 139 146 117 198 135 157  54 191 145 142  58
 58  99 144 148 139 142 143 140 198 135 198 147 194 145 142  58
 58  94 143 141 146 143 143 147 200 100 140 140 122 147 142  58
 58 119 148 174 117 138 146 113 227 202 199 200 200 217 142  58
 58  55 135  93 190 152 140 197 114 210 176 175 204 147 124  58
 58  55 136  93 192 152 140 200 210 151 189 156 176 182  93  58
 58  55 136  93 192 152 140 199 176 189 146 217 141 194 139  58
 58  55 136  93 192 152 140 200 175 156 217 116 225 147  73  58
 58  55 136  93 192 152 140 200 204 176 141 225 122 211 139  58
 58  55 136  93 192 152 140 199 147 182 194 147 211 148  99  58
 58  56  94  73 119 101  96 124 124  93 139  73 139  99  56  58
 58  58  58  58  58  58  58  58  58  58  58  58  58  58  58  58
 54  54  54  54  54  54  54  54  54  54  54  54  54  54  54  54
 54  67  97  91 106 100  98 107 113 113 113 113 113 113  81  54
 54  97 156 154 157 155 155 158 181 159 158 158 158 172 117  54
 54  91 154 147 165 158 155 167 175 147 174 174 163 156 117  54
 54 106 157 165 148 154 156 146 174 153 160 125 172 156 117  54
 54 100 155 158 154 155 155 154 175 153 174 158 173 156 117  54
 54  98 155 155 156 155 155 157 175 141 154 154 148 157 117  54
 54 106 157 166 146 154 156 145 184 176 174 175 175 181 117  54
 54  84 153 139 172 158 154 174 145 179 166 167 177 156 110  54
 54  84 153 139 173 159 154 175 179 157 171 160 167 169 100  54
 54  84 153 139 173 159 154 174 166 171 156 181 155 173 116  54
 54  84 153 139 173 159 154 175 167 160 181 147 183 157  93  54
 54  84 153 139 173 159 154 175 177 167 155 183 149 179 115  54
 54  84 153 139 173 159 154 174 156 169 173 157 179 157 102  54
 54  68 100  93 108 102 100 110 110 100 116  93 115 102  69  54
 54  54  54  54  54  54  54  54  54  54  54  54  54  54  54  54
 53  53  53  53  53  53  53  53  53  53  53  53  53  53  53  53
 53  90  95 116  68  87  93  64  46  46  46  46  46  46  49  53
 53  95 140 144 135 139 139 132  58 128 130 130 131  88  45  53
 53 116 144 171 111 134 141 105  79 167  83  83 119 139  45  53
 53  68 135 111 166 144 137 168  80 149 125 238  88 138  45  53
 53  87 139 134 144 140 138 143  79 149  80 135  86 138  45  53
 53  93 139 141 137 139 139 135  77 186 143 143 163 136  45  53
 53  65 135 107 169 145 136 172  49  77  79  79  79  59  45  53
 53 135 148 195  89 130 143  82 171  67 104 106  74 135  64  53
 53 137 148 197  88 130 143  79  67 132  90 126 104  97  97  53
 53 137 148 197  88 130 143  79 104  90 136  60 142  83  47  53
 53 137 148 197  88 130 143  79 106 126  60 170  51 136 119  53
 53 137 148 197  88 130 143  79  74 104 142  51 163  66  47  53
 53 137 148 197  88 130 143  79 135  97  83 136  66 134  91  53
 53  91  96 119  69  89  95  64  64  97  47 119  47  91  94  53
 53  53  53  53  53  53  53  53  53  53  53  53  53  53  53  53

 58  58  58  58  58  58  58  58  58  58  58  58  58  58  58  58
 58  95 142 142 142 142 142 142 124  94 140  74 140  99  56  58
 58 138 191 145 146 146 148 218 147 183 195 148 211 149  99  58
 58 138 152 164 192 194 122 200 205 176 142 225 123 211 140  58
 58 138 153 197  55 148 140 200 176 157 218 116 225 148  74  58
 58 138 153 197 158 198 140 200 176 189 147 218 142 195 140  58
 58 138 154 118 136 136 100 203 211 151 189 157 176 183  94  58
 58 138 219 200 198 199 201 227 114 211 176 176 205 147 124  58
 58 121 150 176 118 141 147 114 197 201 200 200 200 199 124  58
 58  94 143 142 146 144 144 146 140 140 140 140 140 140  96  58
 58 100 145 149 139 143 144 139 152 152 152 152 152 152 102  58
 58 117 148 171 121 139 146 117 191 192 192 192 192 192 120  58
 58  74 140 116 171 149 142 174  94  93  93  93  93  93  74  58
 58  92 144 140 148 145 143 149 136 137 137 137 137 137  94  58
 58  56  92  74 117 100  94 120  56  55  55  55  55  55  56  58
 58  58  58  58  58  58  58  58  58  58  58  58  58  58  58  58
 54  54  54  54  54  54  54  54  54  54  54  54  54  54  54  54
 54  82 117 117 117 117 117 117 111 100 116  94 116 102  69  54
 54 113 172 156 156 157 157 181 157 169 173 157 179 157 102  54
 54 113 158 163 172 173 149 175 177 167 155 184 149 179 116  54
 54 113 159 175 126 158 155 175 167 161 181 147 184 157  94  54
 54 113 159 175 160 175 155 175 167 171 157 181 155 173 116  54
 54 113 159 147 153 153 141 176 179 158 171 161 167 169 100  54
 54 113 182 175 174 175 176 184 146 179 167 167 177 157 111  54
 54 107 158 167 147 154 157 146 174 176 175 175 175 175 111  54
 54  98 156 155 157 156 156 157 155 155 155 155 155 155 101  54
 54 100 156 158 155 156 156 154 159 160 160 160 160 160 103  54
 54 106 158 166 148 155 157 147 172 173 173 173 173 173 109  54
 54  91 155 147 166 158 155 166 139 139 139 139 139 139  94  54
 54  98 156 155 158 156 156 158 153 154 154 154 154 154 100  54
 54  68  98  91 106 100  98 107  85  85  85  85  85  85  68  54
 54  54  54  54  54  54  54  54  54  54  54  54  54  54  54  54
 53  53  53  53  53  53  53  53  53  53  53  53  53  53  53  53
 53  50  46  46  46  46  46  46  65  97  48 119  48  92  94  53
 53  46  88 140 139 139 136  60 136  98  84 136  67 135  92  53
 53  46 131 119  88  86 163  79  75 104 142  52 163  67  48  53
 53  46 130  84 239 136 144  79 106 126  61 171  52 136 119  53
 53  46 130  84 125  80 144  79 105  91 137  61 142  84  48  53
 53  46 129 168 149 149 187  77  68 132  91 126 104  98  97  53
 53  46  58  80  81  80  78  50 172  68 105 106  75 136  65  53
 53  64 133 106 169 144 136 173  82  79  79  79  79  79  65  53
 53  93 140 142 138 139 140 137 143 144 144 144 144 144  95  53
 53  88 139 135 144 141 139 145 131 131 131 131 131 131  89  53
 53  68 135 111 166 144 138 169  90  88  88  88  88  88  69  53
 53 117 144 172 111 135 142 108 195 197 197 197 197 197 119  53
 53  95 140 144 135 139 140 135 148 148 148 148 148 148  97  53
 53  90  95 117  68  88  93  65 135 137 137 137 137 137  92  53
 53  53  53  53  53  53  53  53  53  53  53  53  53  53  53  53

 58  58  58  58  58  58  58  58  58  58  58  58  58  58  58  58
 58  56  99 140  74 140  94 124 124  96 102 120  74  94  56  58
 58  99 149 211 148 195 183 147 199 140 152 192  93 137  55  58
 58 140 211 123 225 142 176 205 200 140 152 192  93 137  55  58
 58  74 148 225 116 218 157 176 200 140 152 192  93 137  55  58
 58 140 195 142 218 147 189 176 200 140 152 192  93 137  55  58
 58  94 183 176 157 189 151 211 201 140 152 192  93 137  55  58
 58 124 147 205 176 176 211 114 197 140 152 191  94 136  56  58
 58 142 218 200 200 200 203 227 114 146 139 117 174 149 120  58
 58 142 148 122 140 140 100 201 147 144 144 146 142 143  94  58
 58 142 146 194 148 198 136 199 141 144 143 139 149 145 100  58
 58 142 146 192  55 158 136 198 118 146 139 121 171 148 117  58
 58 142 145 164 197 197 118 200 176 142 149 171 116 140  74  58
 58 142 191 152 153 153 154 219 150 143 145 148 140 144  92  58
 58  95 138 138 138 138 138 138 121  94 100 117  74  92  56  58
 58  58  58  58  58  58  58  58  58  58  58  58  58  58  58  58
 54  54  54  54  54  54  54  54  54  54  54  54  54  54  54  54
 54  69 102 116  94 116 100 111 111 101 103 109  94 100  68  54
 54 102 157 179 157 173 169 157 175 155 160 173 139 154  85  54
 54 116 179 149 184 155 167 177 175 155 160 173 139 154  85  54
 54  94 157 184 147 181 161 167 175 155 160 173 139 154  85  54
 54 116 173 155 181 157 171 167 175 155 160 173 139 154  85  54
 54 100 169 167 161 171 158 179 176 155 160 173 139 154  85  54
 54 111 157 177 167 167 179 146 174 155 159 172 139 153  85  54
 54 117 181 175 175 175 176 184 146 157 154 147 166 158 107  54
 54 117 157 149 155 155 141 176 157 156 156 157 155 156  98  54
 54 117 157 173 158 175 153 175 154 156 156 155 158 156 100  54
 54 117 156 172 126 160 153 174 147 157 155 148 166 158 106  54
 54 117 156 163 175 175 147 175 167 155 158 166 147 155  91  54
 54 117 172 158 159 159 159 182 158 156 156 158 155 156  98  54
 54  82 113 113 113 113 113 113 107  98 100 106  91  98  68  54
 54  54  54  54  54  54  54  54  54  54  54  54  54  54  54  54
 53  53  53  53  53  53  53  53  53  53  53  53  53  53  53  53
 53  94  92  48 119  48  97  65  65  95  89  69 119  97  92  53
 53  92 135  67 136  84  98 136  79 144 131  88 197 148 137  53
 53  48  67 163  52 142 104  75  79 144 131  88 197 148 137  53
 53 119 136  52 171  61 126 106  79 144 131  88 197 148 137  53
 53  48  84 142  61 137  91 105  79 144 131  88 197 148 137  53
 53  97  98 104 126  91 132  68  79 144 131  88 197 148 137  53
 53  65 136  75 106 105  68 172  82 143 131  90 195 148 135  53
 53  46  60  79  79  79  77  50 173 137 145 169 108 135  65  53
 53  46 136 163 144 144 187  78 136 140 139 138 142 140  93  53
 53  46 139  86 136  80 149  80 144 139 141 144 135 139  88  53
 53  46 139  88 239 125 149  81 169 138 144 166 111 135  68  53
 53  46 140 119  84  84 168  80 106 142 135 111 172 144 117  53
 53  46  88 131 130 130 129  58 133 140 139 135 144 140  95  53
 53  50  46  46  46  46  46  46  64  93  88  68 117  95  90  53
 53  53  53  53  53  53  53  53  53  53  53  53  53  53  53  53

 58  58  58  58  58  58  58  58  58  58  58  58  58  58  58  58
 58  56  55  55  55  55  55  56 120  94 100 117  74  92  56  58
 58  94 137 137 137 137 137 136 149 143 145 148 140 144  92  58
 58  74  93  93  93  93  93  94 174 142 149 171 116 140  74  58
 58 120 192 192 192 192 192 191 117 146 139 121 171 148 117  58
 58 102 152 152 152 152 152 152 139 144 143 139 149 145 100  58
 58  96 140 140 140 140 140 140 146 144 144 146 142 143  94  58
 58 124 199 200 200 200 201 197 114 147 141 118 176 150 121  58
 58 124 147 205 176 176 211 114 227 201 199 198 200 219 138  58
 58  94 183 176 157 189 151 211 203 100 136 136 118 154 138  58
 58 140 195 142 218 147 189 176 200 140 198 158 197 153 138  58
 58  74 148 225 116 218 157 176 200 140 148  55 197 153 138  58
 58 140 211 123 225 142 176 205 200 122 194 192 164 152 138  58
 58  99 149 211 148 195 183 147 218 148 146 146 145 191 138  58
 58  56  99 140  74 140  94 124 142 142 142 142 142 142  95  58
 58  58  58  58  58  58  58  58  58  58  58  58  58  58  58  58
 54  54  54  54  54  54  54  54  54  54  54  54  54  54  54  54
 54  68  85  85  85  85  85  85 107  98 100 106  91  98  68  54
 54 100 154 154 154 154 154 153 158 156 156 158 155 156  98  54
 54  94 139 139 139 139 139 139 166 155 158 166 147 155  91  54
 54 109 173 173 173 173 173 172 147 157 155 148 166 158 106  54
 54 103 160 160 160 160 160 159 154 156 156 155 158 156 100  54
 54 101 155 155 155 155 155 155 157 156 156 157 155 156  98  54
 54 111 175 175 175 175 176 174 146 157 154 147 167 158 107  54
 54 111 157 177 167 167 179 146 184 176 175 174 175 182 113  54
 54 100 169 167 161 171 158 179 176 141 153 153 147 159 113  54
 54 116 173 155 181 157 171 167 175 155 175 160 175 159 113  54
 54  94 157 184 147 181 161 167 175 155 158 126 175 159 113  54
 54 116 179 149 184 155 167 177 175 149 173 172 163 158 113  54
 54 102 157 179 157 173 169 157 181 157 157 156 156 172 113  54
 54  69 102 116  94 116 100 111 117 117 117 117 117 117  82  54
 54  54  54  54  54  54  54  54  54  54  54  54  54  54  54  54
 53  53  53  53  53  53  53  53  53  53  53  53  53  53  53  53
 53  92 137 137 137 137 137 135  65  93  88  68 117  95  90  53
 53  97 148 148 148 148 148 148 135 140 139 135 144 140  95  53
 53 119 197 197 197 197 197 195 108 142 135 111 172 144 117  53
 53  69  88  88  88  88  88  90 169 138 144 166 111 135  68  53
 53  89 131 131 131 131 131 131 145 139 141 144 135 139  88  53
 53  95 144 144 144 144 144 143 137 140 139 138 142 140  93  53
 53  65  79  79  79  79  79  82 173 136 144 169 106 133  64  53
 53  65 136  75 106 105  68 172  50  78  80  81  80  58  46  53
 53  97  98 104 126  91 132  68  77 187 149 149 168 129  46  53
 53  48  84 142  61 137  91 105  79 144  80 125  84 130  46  53
 53 119 136  52 171  61 126 106  79 144 136 239  84 130  46  53
 53  48  67 163  52 142 104  75  79 163  86  88 119 131  46  53
 53  92 135  67 136  84  98 136  60 136 139 139 140  88  46  53
 53  94  92  48 119  48  97  65  46  46  46  46  46  46  50  53
 53  53  53  53  53  53  53  53  53  53  53  53  53  53  53  53
